.Random.seed <-
c(403L, 10L, -568025378L, 1526053400L, 1080575355L, -850019047L, 
-913849944L, 1315034454L, 661194193L, -855319165L, 1741153298L, 
-1945251932L, -437745817L, -158313283L, -1684143052L, 1930700698L, 
-176507931L, -1239470209L, 267677446L, 630237328L, 1044250931L, 
-1344227631L, 2058241152L, -1886935714L, 373545641L, -1109809829L, 
-593275030L, 1450024460L, 1065588303L, -421627131L, -306455620L, 
2101595794L, -1661465203L, -583483961L, -1805549906L, -421685496L, 
-2040904437L, 115045353L, 432030904L, -2115161242L, -2033125375L, 
2129553043L, -368305854L, -1675381004L, 579052279L, 1172665069L, 
1889881476L, -2067668054L, 1096784149L, 353014703L, -1629115466L, 
1929261536L, -122547933L, -1669020095L, -1370085072L, -950609074L, 
650723769L, -570336309L, -424357766L, -1785269892L, -367623745L, 
-2026832235L, -403372884L, 957476482L, -1769888163L, -2140010153L, 
119837758L, -1651148680L, -298507429L, -1481941319L, 921105160L, 
-1635432010L, -821864719L, -232668893L, 217256818L, -1673193020L, 
378446215L, -990782627L, -1707436716L, 1324717946L, -2133444923L, 
-1775650785L, -178741338L, 154149168L, -1547027501L, 1212899825L, 
-1469339872L, 286978494L, -549830199L, -1584941701L, -1895865526L, 
2069062572L, -563443025L, 1572059237L, -1393264612L, 1309447794L, 
-327800595L, 1658218791L, -273410738L, 1388361128L, 227185067L, 
139061961L, -2054694184L, -1645811834L, 964917857L, -277568525L, 
-463882654L, 750670036L, -1972397609L, 1400310733L, -1591312540L, 
271526730L, 2030713525L, 1239173647L, -1695331562L, -909728320L, 
-422906493L, -1550337119L, 688227216L, -1595170706L, -1143773671L, 
-1789933909L, 677247642L, -1997838756L, -1093864609L, -790024907L, 
1135484108L, 60892706L, 2134694013L, -1829936777L, 405737118L, 
-2116125352L, 636398779L, -1320136103L, 337361384L, 256818198L, 
-745732207L, 1830848579L, 2136977234L, -1491987484L, 463907367L, 
927982205L, -155952268L, 1399191386L, -270995035L, -1678742081L, 
367808070L, 1504697552L, 584414963L, 1446391825L, -1048709568L, 
-2016142818L, 1873614057L, 845831707L, -976921046L, -48037556L, 
-599446769L, -2118861243L, 2067482620L, 173727314L, 1406026701L, 
1730276743L, 112863342L, -1624526776L, -1560722869L, -1262657623L, 
-320983304L, 31517222L, -7830719L, -1181144877L, -1886548862L, 
-882791756L, 870317623L, -1736923859L, 1382747716L, -1684712598L, 
-1929478187L, 384248175L, 2106385526L, 877408160L, 1013790819L, 
-1680499455L, 238170224L, -585835506L, 1682439289L, 368774155L, 
702063930L, 404649020L, 617694079L, -134573867L, 1961256172L, 
2068151874L, -1819618915L, -1195736041L, 1215027582L, 506560312L, 
961951771L, -867681927L, 985161672L, -434945034L, 1408341553L, 
1629925475L, 1212354610L, -324604540L, -1785211961L, -1397418339L, 
944487956L, -1878145862L, -1284361979L, -2033700129L, -1179263130L, 
-1329252624L, 674254355L, 868583345L, 661246560L, -1669074946L, 
1902796681L, 1907685563L, -931597174L, -1176959124L, 2143278319L, 
-1915568347L, 512043484L, -1212344398L, -287105363L, -208103833L, 
1795614094L, -1203465624L, -16429461L, 764386208L, 805740492L, 
-1172964512L, -401280830L, 613746216L, 1187063212L, -1200218308L, 
-204568718L, -682271952L, -14556636L, 449828920L, -979598118L, 
1521068432L, 1334920956L, 1918185364L, -1186133182L, -1037581824L, 
1413798460L, -2069348784L, -1931306334L, -220947640L, -119995892L, 
-1009365796L, -2036286894L, 1613867136L, 396442452L, -1676215832L, 
-1293686022L, 1392883536L, 261340204L, 1015887220L, -324090222L, 
1483790944L, -638131572L, 521812832L, 2103067362L, -432791384L, 
-1510391604L, 2117208572L, 1911099314L, 560100848L, -1914821180L, 
-533504168L, 1578126202L, -1185991248L, -696534596L, -676042668L, 
1373998018L, 2009858848L, 603692988L, 2021255760L, -1956438558L, 
1898688872L, -1070527156L, -171472644L, -1963465998L, 1972328192L, 
-1444247948L, 195069960L, -557991494L, 1460918224L, 1804171756L, 
1959186324L, -427855150L, -1111847328L, -1924799156L, 452990240L, 
-199953790L, -677860888L, -170194964L, 80918076L, -1022800270L, 
-370588816L, -1390163676L, -682184136L, -1638997606L, 1490487760L, 
1758805436L, 38029460L, -802513790L, 1907189184L, 577364796L, 
1023702160L, 1555645218L, 1159630344L, 1380429068L, 169391516L, 
-2040930798L, 873368448L, 1802060564L, 361738536L, 504835130L, 
793668560L, 409240172L, 990198324L, 1620572818L, 1074060640L, 
2047748428L, -1664280608L, 1803638178L, 74177960L, -1714657652L, 
-550822468L, -624071054L, 1072372720L, 325957188L, 378787928L, 
901896250L, 1695320176L, 1238071356L, -947169004L, 1967522498L, 
1710247648L, -1921382276L, 1919413968L, -1585792606L, -1830096856L, 
-620717300L, 169824700L, -1292635342L, -1487013184L, -1902459852L, 
2002917064L, -1943644998L, -1904658800L, 1875627756L, -1912042924L, 
-1579965806L, -1136803552L, -942732852L, -1885355296L, -1237829438L, 
-340708312L, 1701558188L, 1719231164L, 1583852530L, -164655568L, 
-962410588L, -1961939528L, 1785194330L, 164294800L, 1951703932L, 
20713748L, -1020204734L, -787699456L, 246787516L, -226064048L, 
1720863010L, 528147016L, -1872140276L, -449517988L, 1014385106L, 
229682688L, -475136684L, 1915260136L, -1796388614L, -1016938800L, 
311937836L, -787912460L, 187752850L, -1393941152L, -2102488052L, 
1900580064L, -187174302L, 467526824L, 790168652L, 455704444L, 
-3819214L, 200213104L, -1173867708L, -494519336L, -651793542L, 
-52488144L, -2035875908L, 2064157268L, 1181151298L, -844405088L, 
638788284L, -1283038256L, -1993271966L, -747913496L, -829104948L, 
-1560069636L, 1332813298L, -442295168L, 367024628L, -1216601464L, 
-1268081862L, -619879088L, 1325393004L, 284011924L, -1652627374L, 
-177447456L, 69522636L, -917201248L, -1160531582L, -1966309144L, 
-599364884L, -1197793988L, 815835250L, -1092582800L, -741549532L, 
1746847800L, -1877853926L, -544021296L, -249915076L, 646001556L, 
-1725794430L, 1505831872L, -323766724L, -519863920L, 935110690L, 
-1838551800L, -581105524L, -791621860L, 1663491218L, 2121682304L, 
-101568492L, -1387010264L, -294713798L, -33601072L, -2065538708L, 
78830516L, -319000046L, -707282976L, -1528063540L, 23746784L, 
441018251L, -396414340L, -1275641686L, 419422943L, 1507504233L, 
-2069976450L, -1435979156L, 1416359613L, -921144441L, 834189168L, 
885505550L, 1823777595L, 1403805725L, -1728939830L, 1662641128L, 
756789457L, -1005998909L, -253889596L, -1892804494L, 1704225095L, 
-1290480367L, 411299990L, -715893260L, 1697982341L, 941577935L, 
-260889656L, -873377178L, 2015612051L, 251380725L, -204487214L, 
11564576L, 694704137L, 801758523L, 186372236L, 1851039002L, -2068089969L, 
-1636741927L, 2122015598L, 465629948L, -1649393555L, 2063518743L, 
521014752L, -1258186306L, -1817178229L, -1431351283L, 2062161978L, 
-713451400L, -1398098911L, 152848083L, -591694348L, 391665282L, 
1661432599L, 143335905L, 1145704230L, -1649845724L, 1203018965L, 
1554025599L, 1947533592L, 887074870L, 1095509699L, 2072955653L, 
-1550176606L, 1902812304L, 1632529465L, -1383652117L, 1507390940L, 
21298186L, 1597217535L, -1586785463L, 2041751774L, 696358540L, 
2129388125L, -435642265L, 665419152L, -359346770L, 328636507L, 
374411325L, -1149417814L, 2057413448L, 1641424753L, 1250414819L, 
-1159100444L, 2086264594L, -2138570009L, 346055857L, -1714862346L, 
155570452L, 188548645L, 1896012591L, -909800216L, 1239264710L, 
-247931789L, 855815893L, -1398338382L, 1089273984L, -2026279831L, 
1092892891L, -1682183124L, -1732471750L, -453295377L, 2005859705L, 
288502286L, -1887435812L, 1681386573L, 58965943L, -569433792L, 
846219294L, -1004699925L, 672034413L, -1478658342L, -166992232L, 
-2129539839L, 1274671795L, 215858644L, 1585585378L, 735278455L, 
-1253200703L, 531501126L, 1621532548L, 528595253L, -414341345L, 
673974904L, 1106136918L, 1033907683L, -1973386331L, -46288318L, 
-640389072L, 936674393L, -871138869L, 1937685052L, -1977633686L, 
190670495L, -2078921943L, -1207638082L, 1210029740L, -779527171L, 
-1101827257L, 2110223408L, -1764829874L, -712929925L, 547896029L, 
-537724150L, 1639348776L, 1539158673L, -516558205L, -190057596L, 
